4
5
12
3
5
324
53
45
4
5
12
3
5
324
53
45
4
5
12
3
5
324
53
45
4
5
12
3
5
324
53
45
4
5
12
3
5
324
53
45
4
5
12
3
5
324
53
45
4
5
12
3
5
324
53
45
4
5
12
3
5
324
53
45
4
5
12
3
5
324
53
45
4
5
12
3
5
324
53
45
4
5
12
3
5
324
53
45
4
5
12
3
5
324
53
45
4
5
12
3
5
324
53
45
4
5
12
3
5
324
53
45
4
5
12
3
5
324
53
45
4
5
12
3
5
324
53
45
4
5
12
3
5
324
53
45
4
5
12
3
5
324
53
45
20
1
(Error: 2x3)
10
20
1
(Error: 2x3)
10
20
1
(Error: 2x3)
10
20
1
(Error: 2x3)
10
20
1
(Error: 2x3)
10
20
1
(Error: 2x3)
10
20
1
(Error: 2x3)
10
20
1
(Error: 2x3)
10
20
1
(Error: 2x3)
10
20
1
(Error: 2x3)
10
20
1
(Error: 2x3)
10
20
1
(Error: 2x3)
10
20
1
(Error: 2x3)
10
3
Suma: 8524
